pos.x pos.y vol rho vel.x vel.y p a shock-detector massf-air e T
 -0.0758001 0.0400192 3.24319e-08 0.00575298 46.596 -0.00181604 493.728 346.626 0 1 214553 298.921
 -0.0750002 0.0400192 3.24319e-08 0.00575327 46.5843 -0.00521829 493.758 346.628 0 1 214556 298.925
 -0.0742003 0.0400192 3.24319e-08 0.0057534 46.5699 -0.00898763 493.776 346.63 0 1 214558 298.928
 -0.0734004 0.0400192 3.24319e-08 0.00575368 46.546 -0.0131323 493.806 346.633 0 1 214561 298.933
 -0.0726005 0.0400192 3.24319e-08 0.00575389 46.5165 -0.0172863 493.835 346.636 0 1 214566 298.939
 -0.0718006 0.0400192 3.24319e-08 0.00575418 46.4783 -0.0215407 493.871 346.641 0 1 214571 298.946
 -0.0710007 0.0400192 3.24319e-08 0.00575448 46.4339 -0.0258977 493.91 346.645 0 1 214576 298.953
 -0.0702008 0.0400192 3.24319e-08 0.00575486 46.381 -0.0305439 493.955 346.649 0 1 214582 298.961
 -0.0694009 0.0400192 3.24319e-08 0.00575528 46.3205 -0.0355786 494.005 346.654 0 1 214588 298.969
 -0.068601 0.0400192 3.24319e-08 0.00575577 46.2506 -0.0410928 494.062 346.659 0 1 214594 298.978
 -0.0678011 0.0400192 3.24319e-08 0.00575633 46.1709 -0.0471722 494.126 346.665 0 1 214601 298.989
 -0.0670012 0.0400192 3.24319e-08 0.00575695 46.0802 -0.0539084 494.199 346.672 0 1 214610 299
 -0.0662013 0.0400192 3.24319e-08 0.00575762 45.9779 -0.0613513 494.28 346.68 0 1 214620 299.014
 -0.0654014 0.0400192 3.24319e-08 0.00575834 45.863 -0.0695057 494.368 346.689 0 1 214631 299.03
 -0.0646015 0.0400192 3.24319e-08 0.00575912 45.7349 -0.0783912 494.464 346.7 0 1 214644 299.048
 -0.0638016 0.0400192 3.24319e-08 0.00575997 45.5924 -0.088109 494.57 346.711 0 1 214658 299.067
 -0.0630017 0.0400192 3.24319e-08 0.00576092 45.4338 -0.0988815 494.684 346.723 0 1 214672 299.087
 -0.0622018 0.0400192 3.24319e-08 0.00576197 45.2574 -0.111076 494.809 346.735 0 1 214688 299.108
 -0.0614019 0.0400192 3.24319e-08 0.00576312 45.0604 -0.125192 494.945 346.748 0 1 214704 299.131
 -0.0606021 0.0400192 3.24319e-08 0.00576436 44.8397 -0.141821 495.093 346.762 0 1 214721 299.156
 -0.0598022 0.0400192 3.24319e-08 0.00576569 44.5907 -0.161635 495.251 346.778 0 1 214741 299.183
 -0.0590023 0.0400192 3.24319e-08 0.00576711 44.3081 -0.18547 495.423 346.795 0 1 214762 299.213
 -0.0582024 0.0400192 3.24319e-08 0.00576863 43.9849 -0.214629 495.608 346.814 0 1 214786 299.245
 -0.0574025 0.0400192 3.24319e-08 0.00577027 43.6117 -0.250825 495.807 346.834 0 1 214811 299.28
 -0.0566026 0.0400192 3.24319e-08 0.00577208 43.1766 -0.297898 496.025 346.856 0 1 214838 299.318
 -0.0558027 0.0400192 3.24319e-08 0.005774 42.6598 -0.356814 496.259 346.88 0 1 214868 299.36
 -0.0550028 0.0400192 3.24319e-08 0.00577623 42.0445 -0.446559 496.526 346.907 0 1 214900 299.405
 -0.0542029 0.0400193 3.24317e-08 0.00577813 41.2774 -0.526179 496.773 346.936 0 1 214937 299.456
 -0.053403 0.0400152 3.24324e-08 0.00578079 40.4476 -0.872766 497.089 346.966 0 1 214974 299.508
 -0.0526034 0.039999 3.24109e-08 0.00578331 39.8076 -1.49287 497.376 346.991 0 1 215005 299.55
 -0.0518042 0.0399674 3.23536e-08 0.0057851 39.337 -2.19394 497.589 347.012 0 1 215030 299.586
 -0.0510058 0.0399201 3.22597e-08 0.00578646 38.964 -2.90075 497.76 347.03 0 1 215054 299.619
 -0.0502085 0.0398573 3.21297e-08 0.00578773 38.6818 -3.60481 497.914 347.046 0 1 215073 299.646
 -0.0494126 0.0397789 3.19638e-08 0.00578881 38.4825 -4.31691 498.038 347.057 0 1 215087 299.665
 -0.0486183 0.039685 3.17623e-08 0.00578974 38.3531 -5.05002 498.15 347.068 0 1 215100 299.683
 -0.0478261 0.0395757 3.15258e-08 0.00579026 38.2658 -5.79293 498.215 347.075 0 1 215109 299.696
 -0.0470362 0.0394509 3.12547e-08 0.00579117 38.2239 -6.54617 498.324 347.086 0 1 215122 299.714
 -0.0462489 0.0393107 3.09497e-08 0.00579185 38.2348 -7.30778 498.39 347.088 0 1 215125 299.718
 -0.0454646 0.0391552 3.06114e-08 0.00579194 38.2901 -8.0942 498.404 347.09 0 1 215128 299.722
 -0.0446834 0.0389844 3.02405e-08 0.00579197 38.3755 -8.90287 498.407 347.091 0 1 215129 299.723
 -0.0439058 0.0387984 2.98379e-08 0.00579184 38.485 -9.73083 498.393 347.09 0 1 215127 299.721
 -0.043132 0.0385973 2.94045e-08 0.00579156 38.6173 -10.576 498.36 347.086 0 1 215123 299.716
 -0.0423623 0.0383811 2.89412e-08 0.0057911 38.7728 -11.4419 498.302 347.08 0 1 215116 299.705
 -0.0415971 0.0381499 2.8449e-08 0.00579041 38.9511 -12.3291 498.219 347.072 0 1 215105 299.69
 -0.0408365 0.0379039 2.79291e-08 0.00578949 39.1565 -13.242 498.109 347.061 0 1 215092 299.672
 -0.040081 0.0376431 2.73824e-08 0.00578834 39.3911 -14.1847 497.974 347.049 0 1 215076 299.65
 -0.0393308 0.0373676 2.68103e-08 0.00578702 39.6581 -15.1611 497.816 347.033 0 1 215057 299.624
 -0.0385861 0.0370775 2.6214e-08 0.00578551 39.9628 -16.1766 497.634 347.015 0 1 215035 299.592
 -0.0378473 0.036773 2.55948e-08 0.0057838 40.3064 -17.2367 497.425 346.994 0 1 215008 299.555
 -0.0371147 0.0364541 2.4954e-08 0.00578184 40.6909 -18.3455 497.187 346.969 0 1 214978 299.513
 -0.0363885 0.036121 2.4293e-08 0.00577964 41.1219 -19.5043 496.92 346.942 0 1 214944 299.466
 -0.035669 0.0357739 2.36133e-08 0.00577718 41.6027 -20.726 496.623 346.912 0 1 214907 299.414
 -0.0349566 0.0354127 2.29164e-08 0.0057744 42.1341 -22.0183 496.29 346.879 0 1 214866 299.357
 -0.0342514 0.0350378 2.22037e-08 0.00577128 42.7206 -23.387 495.916 346.842 0 1 214820 299.294
 -0.0335537 0.0346492 2.14768e-08 0.00576779 43.3684 -24.8413 495.496 346.8 0 1 214769 299.222
 -0.0328638 0.0342471 2.07372e-08 0.00576386 44.0846 -26.392 495.025 346.753 0 1 214711 299.141
 -0.0321821 0.0338316 1.99867e-08 0.00575944 44.878 -28.0518 494.493 346.7 0 1 214644 299.048
 -0.0315086 0.0334029 1.92267e-08 0.00575444 45.7602 -29.8356 493.89 346.639 0 1 214569 298.944
 -0.0308438 0.0329612 1.8459e-08 0.00574874 46.7473 -31.762 493.204 346.57 0 1 214483 298.824
 -0.0301878 0.0325067 1.76852e-08 0.0057422 47.8628 -33.8546 492.415 346.49 0 1 214384 298.686
 -0.0295409 0.0320394 1.69068e-08 0.00573462 49.1425 -36.1466 491.502 346.397 0 1 214270 298.526
 -0.0289034 0.0315597 1.61261e-08 0.00572567 50.6419 -38.6791 490.426 346.288 0 1 214135 298.338
 -0.0282755 0.0310677 1.53428e-08 0.005715 52.4562 -41.5333 489.138 346.156 0 1 213971 298.111
 -0.0276573 0.0305636 1.45655e-08 0.00570162 54.7397 -44.7623 487.531 345.992 0 1 213769 297.828
 -0.0270495 0.0300473 1.37707e-08 0.00568564 57.8141 -48.7242 485.544 345.771 0 1 213496 297.448
 -0.0264496 0.0295219 1.31173e-08 0.0056609 62.2542 -53.0746 482.618 345.48 0 1 213137 296.948
 -0.0258484 0.028998 1.27585e-08 0.00563311 67.4219 -56.0792 479.406 345.177 0 1 212763 296.427
 -0.0252378 0.0284849 1.24845e-08 0.00560846 72.5911 -58.1182 476.496 344.883 0 1 212400 295.922
 -0.0246166 0.0279843 1.21995e-08 0.00558401 77.8371 -59.9846 473.574 344.576 0 1 212022 295.395
 -0.0239854 0.0274963 1.19264e-08 0.00555729 83.2676 -61.6676 470.413 344.249 0 1 211620 294.835
 -0.0233445 0.027021 1.16595e-08 0.00552942 88.8378 -63.1921 467.112 343.902 0 1 211194 294.241
 -0.022694 0.0265586 1.14005e-08 0.00549964 94.5899 -64.567 463.595 343.531 0 1 210739 293.607
 -0.0220342 0.0261094 1.11494e-08 0.00546806 100.519 -65.7926 459.872 343.136 0 1 210254 292.931
 -0.0213654 0.0256735 1.09062e-08 0.00543449 106.637 -66.8683 455.924 342.713 0 1 209736 292.21
 -0.020688 0.025251 1.06713e-08 0.00539874 112.948 -67.7921 451.732 342.262 0 1 209184 291.441
 -0.020002 0.0248423 1.04448e-08 0.00536082 119.455 -68.5566 447.294 341.779 0 1 208594 290.619
 -0.0193079 0.0244473 1.02267e-08 0.00532038 126.163 -69.1599 442.581 341.263 0 1 207965 289.742
 -0.0186059 0.0240664 1.00172e-08 0.00527765 133.07 -69.5885 437.606 340.711 0 1 207292 288.805
 -0.0178963 0.0236996 9.81641e-09 0.00523195 140.184 -69.8465 432.317 340.121 0 1 206576 287.807
 -0.0171794 0.0233471 9.62434e-09 0.005184 147.493 -69.9025 426.77 339.491 0 1 205811 286.742
 -0.0164554 0.0230091 9.44107e-09 0.00513248 155.019 -69.7941 420.853 338.817 0 1 204995 285.605
 -0.0157248 0.0226856 9.26666e-09 0.00507885 162.695 -69.442 414.707 338.105 0 1 204134 284.406
 -0.0149877 0.0223769 9.10114e-09 0.00502161 170.614 -68.8547 408.172 337.337 0 1 203208 283.114
 -0.0142445 0.0220831 8.94454e-09 0.00496038 178.788 -68.1064 401.225 336.512 0 1 202215 281.731
 -0.0134954 0.0218042 8.79687e-09 0.00489625 187.129 -67.1243 393.983 335.638 0 1 201166 280.27
 -0.0127409 0.0215404 8.65815e-09 0.00482885 195.651 -65.8821 386.412 334.709 0 1 200054 278.721
 -0.0119811 0.0212918 8.52838e-09 0.00475792 204.36 -64.3785 378.491 333.721 0 1 198874 277.077
 -0.0112164 0.0210585 8.40755e-09 0.00468337 213.252 -62.6069 370.217 332.669 0 1 197623 275.334
 -0.0104472 0.0208406 8.29567e-09 0.00460517 222.319 -60.5549 361.594 331.552 0 1 196298 273.488
 -0.00967365 0.0206382 8.19273e-09 0.00452335 231.547 -58.2074 352.636 330.368 0 1 194898 271.537
 -0.00889616 0.0204514 8.09871e-09 0.00443802 240.916 -55.5486 343.363 329.114 0 1 193421 269.48
 -0.00811503 0.0202802 8.01361e-09 0.00434936 250.398 -52.561 333.805 327.792 0 1 191870 267.319
 -0.00733058 0.0201247 7.93741e-09 0.00425776 259.964 -49.2314 324.007 326.4 0 1 190245 265.055
 -0.00654313 0.019985 7.87011e-09 0.00416348 269.553 -45.5477 314.018 324.947 0 1 188555 262.7
 -0.005753 0.0198612 7.81169e-09 0.00406823 279.035 -41.5344 304.011 323.449 0 1 186820 260.283
 -0.00496052 0.0197533 7.76215e-09 0.00397065 288.523 -37.1813 293.856 321.885 0 1 185018 257.772
 -0.004166 0.0196613 7.72149e-09 0.00387063 298.026 -32.4829 283.551 320.25 0 1 183143 255.16
 -0.00336977 0.0195852 7.6897e-09 0.00376823 307.536 -27.4372 273.112 318.541 0 1 181194 252.444
 -0.00257216 0.0195252 7.66678e-09 0.00366352 317.043 -22.0417 262.555 316.756 0 1 179168 249.622
 -0.00177349 0.0194812 7.65275e-09 0.00355645 326.552 -16.2948 251.885 314.889 0 1 177062 246.688
 -0.000974093 0.0194533 7.6476e-09 0.00344807 335.969 -10.1906 241.216 312.953 0 1 174892 243.665
 -0.000174289 0.0194415 7.65136e-09 0.0033383 345.306 -3.73049 230.548 310.944 0 1 172654 240.546
 0.000625592 0.0194457 7.66404e-09 0.00322756 354.523 3.08539 219.93 308.865 0 1 170353 237.34
 0.00142523 0.0194659 7.68567e-09 0.00311524 363.68 10.2166 209.31 306.699 0 1 167972 234.024
 0.00222428 0.0195022 7.71627e-09 0.00300197 372.725 17.6824 198.756 304.454 0 1 165521 230.609
 0.00302244 0.0195546 7.75587e-09 0.00288834 381.611 25.4945 188.331 302.135 0 1 163010 227.11
 0.00381936 0.019623 7.8045e-09 0.00277472 390.312 33.6478 178.073 299.746 0 1 160442 223.532
 0.00461474 0.0197074 7.86222e-09 0.00266143 398.804 42.1358 168.013 297.288 0 1 157822 219.882
 0.00540823 0.0198077 7.92905e-09 0.0025488 407.066 50.9492 158.183 294.765 0 1 155154 216.165
 0.00619953 0.019924 8.00503e-09 0.00243713 415.08 60.0826 148.61 292.179 0 1 152444 212.388
 0.00698829 0.0200561 8.09024e-09 0.00232676 422.808 69.5151 139.322 289.533 0 1 149695 208.56
 0.00777421 0.0202041 8.18463e-09 0.00221771 430.295 79.2724 130.318 286.823 0 1 146906 204.674
 0.00855697 0.0203677 8.28862e-09 0.00211136 437.348 89.2281 121.714 284.087 0 1 144117 200.788
 0.0093362 0.0205472 8.40079e-09 0.00200498 444.262 99.6232 113.266 281.228 0 1 141230 196.766
 0.0101119 0.0207415 8.528e-09 0.00190065 451.119 110.299 105.192 278.358 0 1 138362 192.77
 0.0108852 0.0209445 8.68326e-09 0.00182786 454.87 118.064 99.6289 276.239 0 1 136265 189.848
 0.0116581 0.0211492 8.85344e-09 0.0017934 457.763 121.05 97.0047 275.183 0 1 135225 188.399
 0.0124311 0.0213537 9.02281e-09 0.00176383 460.352 122.698 94.7791 274.278 0 1 134337 187.162
 0.0132041 0.0215583 9.19447e-09 0.00173847 462.27 123.392 92.8771 273.486 0 1 133562 186.082
 0.013977 0.0217629 9.36755e-09 0.00171446 464.196 124.053 91.0826 272.721 0 1 132816 185.042
 0.01475 0.0219674 9.54231e-09 0.00168946 466.467 124.74 89.224 271.914 0 1 132030 183.948
 0.0155229 0.022172 9.71866e-09 0.00166463 468.792 125.313 87.3897 271.104 0 1 131245 182.854
 0.0162959 0.0223765 9.89663e-09 0.00164033 470.974 125.782 85.6073 270.305 0 1 130473 181.779
 0.0170689 0.0225811 1.00762e-08 0.00161565 473.134 126.235 83.8099 269.487 0 1 129684 180.68
 0.0178418 0.0227857 1.02574e-08 0.00159071 475.309 126.726 82.0033 268.649 0 1 128879 179.557
 0.0186148 0.0229902 1.04402e-08 0.0015661 477.503 127.272 80.2305 267.809 0 1 128074 178.436
 0.0193877 0.0231948 1.06246e-08 0.00154185 479.746 127.848 78.4942 266.969 0 1 127272 177.319
 0.0201607 0.0233994 1.08107e-08 0.00151775 482.031 128.403 76.7787 266.125 0 1 126468 176.199
 0.0209336 0.0236039 1.09983e-08 0.00149374 484.294 128.924 75.0831 265.275 0 1 125663 175.077
 0.0217066 0.0238085 1.11876e-08 0.0014699 486.494 129.426 73.4107 264.423 0 1 124856 173.953
 0.0224796 0.024013 1.13785e-08 0.00144627 488.634 129.931 71.7635 263.567 0 1 124050 172.829
 0.0232525 0.0242176 1.1571e-08 0.00142289 490.757 130.457 70.1442 262.708 0 1 123242 171.705
 0.0240255 0.0244222 1.17651e-08 0.00139978 492.904 131.002 68.5527 261.846 0 1 122435 170.579
 0.0247984 0.0246267 1.19608e-08 0.00137693 495.076 131.544 66.9892 260.982 0 1 121628 169.456
 0.0255714 0.0248313 1.21582e-08 0.00135438 497.24 132.067 65.4575 260.12 0 1 120826 168.337
 0.0263444 0.0250358 1.23571e-08 0.00133217 499.359 132.57 63.9597 259.261 0 1 120029 167.227
 0.0271173 0.0252404 1.25577e-08 0.00131031 501.423 133.062 62.4952 258.405 0 1 119237 166.125
 0.0278903 0.025445 1.27599e-08 0.00128879 503.451 133.557 61.063 257.55 0 1 118450 165.028
 0.0286632 0.0256495 1.29637e-08 0.00126761 505.479 134.064 59.6618 256.696 0 1 117666 163.936
 0.0294362 0.0258541 1.31691e-08 0.00124674 507.52 134.577 58.2903 255.843 0 1 116885 162.848
 0.0302092 0.0260587 1.33761e-08 0.00122619 509.562 135.083 56.9484 254.992 0 1 116109 161.766
 0.0309821 0.0262632 1.35848e-08 0.00120595 511.576 135.572 55.6366 254.144 0 1 115338 160.692
 0.0317551 0.0264678 1.37951e-08 0.00118603 513.54 136.045 54.3546 253.299 0 1 114572 159.625
 0.032528 0.0266723 1.40069e-08 0.00116644 515.454 136.508 53.102 252.457 0 1 113812 158.566
 0.033301 0.0268769 1.42204e-08 0.00114719 517.337 136.974 51.8788 251.618 0 1 113057 157.513
 0.034074 0.0270815 1.44355e-08 0.00112828 519.213 137.446 50.6851 250.782 0 1 112306 156.468
 0.0348469 0.027286 1.46522e-08 0.00110971 521.094 137.92 49.5205 249.949 0 1 111562 155.431
 0.0356199 0.0274906 1.48706e-08 0.00109148 522.971 138.387 48.3849 249.121 0 1 110824 154.403
 0.0363928 0.0276952 1.50905e-08 0.00107359 524.824 138.842 47.2779 248.299 0 1 110093 153.385
 0.0371658 0.0278997 1.53121e-08 0.00105602 526.641 139.285 46.1988 247.481 0 1 109370 152.377
 0.0379388 0.0281043 1.55352e-08 0.00103878 528.416 139.719 45.1464 246.668 0 1 108652 151.377
 0.0387117 0.0283088 1.576e-08 0.00102185 530.16 140.153 44.1199 245.859 0 1 107941 150.386
 0.0394847 0.0285134 1.59864e-08 0.00100524 531.886 140.588 43.1184 245.054 0 1 107234 149.402
 0.0402576 0.028718 1.62145e-08 0.000988921 533.603 141.022 42.1415 244.252 0 1 106534 148.426
 0.0410306 0.0289225 1.64441e-08 0.000972909 535.308 141.45 41.189 243.455 0 1 105840 147.459
 0.0418036 0.0291271 1.66753e-08 0.000957201 536.993 141.868 40.2609 242.663 0 1 105153 146.501
 0.0425765 0.0293316 1.69082e-08 0.000941801 538.649 142.276 39.357 241.878 0 1 104473 145.554
 0.0433495 0.0295362 1.71427e-08 0.000926707 540.274 142.677 38.477 241.098 0 1 103800 144.617
 0.0441224 0.0297408 1.73788e-08 0.000911918 541.874 143.077 37.6202 240.324 0 1 103135 143.69
 0.0448954 0.0299453 1.76165e-08 0.000897427 543.457 143.477 36.7858 239.555 0 1 102476 142.772
 0.0456684 0.0301499 1.78558e-08 0.000883223 545.03 143.877 35.9731 238.791 0 1 101823 141.863
 0.0464413 0.0303545 1.80967e-08 0.000869292 546.59 144.272 35.181 238.032 0 1 101177 140.963
 0.0472143 0.030559 1.83393e-08 0.000855623 548.13 144.658 34.4089 237.278 0 1 100538 140.072
 0.0479873 0.0307636 1.85834e-08 0.00084221 549.643 145.034 33.6562 236.53 0 1 99904.3 139.189
 0.0487602 0.0309681 1.88292e-08 0.000829053 551.126 145.403 32.9225 235.787 0 1 99277.5 138.316
 0.0495332 0.0311727 1.90766e-08 0.000816152 552.583 145.767 32.2077 235.049 0 1 98657.1 137.452
 0.0503061 0.0313773 1.93256e-08 0.000803511 554.021 146.131 31.5115 234.316 0 1 98043.1 136.596
 0.0510791 0.0315818 1.95762e-08 0.000791129 555.447 146.495 30.8337 233.589 0 1 97435.7 135.75
 0.0518521 0.0317864 1.98285e-08 0.000779003 556.863 146.857 30.1739 232.868 0 1 96835.1 134.913
 0.052625 0.031991 2.00823e-08 0.000767125 558.268 147.214 29.5317 232.154 0 1 96241.5 134.086
 0.053398 0.0321955 2.03378e-08 0.000755485 559.654 147.564 28.9063 231.445 0 1 95654.8 133.269
 0.0541709 0.0324001 2.05949e-08 0.000744074 561.018 147.907 28.297 230.742 0 1 95074.5 132.46
 0.0549439 0.0326046 2.08536e-08 0.000732883 562.357 148.243 27.7031 230.044 0 1 94500.4 131.661
 0.0557169 0.0328092 2.11139e-08 0.000721906 563.673 148.576 27.124 229.351 0 1 93931.9 130.869
 0.0564898 0.0330138 2.13758e-08 0.000711138 564.972 148.907 26.5593 228.663 0 1 93369 130.084
 0.0572628 0.0332183 2.16393e-08 0.000700578 566.257 149.236 26.0087 227.979 0 1 92811.7 129.308
 0.0580357 0.0334229 2.19045e-08 0.000690224 567.531 149.562 25.4721 227.301 0 1 92260.4 128.54
 0.0588087 0.0336275 2.21713e-08 0.000680075 568.791 149.883 24.9493 226.629 0 1 91715.2 127.78
 0.0595817 0.033832 2.24396e-08 0.000670129 570.035 150.199 24.44 225.962 0 1 91176.5 127.03
 0.0603546 0.0340366 2.27096e-08 0.000660384 571.261 150.509 23.944 225.301 0 1 90644.2 126.288
 0.0611276 0.0342411 2.29813e-08 0.000650835 572.469 150.816 23.4608 224.647 0 1 90118 125.555
 0.0619006 0.0344457 2.32545e-08 0.000641476 573.66 151.121 22.9899 223.997 0 1 89597.6 124.83
 0.0626735 0.0346503 2.35293e-08 0.0006323 574.839 151.424 22.5308 223.353 0 1 89082.8 124.113
 0.0634465 0.0348548 2.38058e-08 0.0006233 576.004 151.725 22.0831 222.713 0 1 88573.3 123.403
 0.0642194 0.0350594 2.40838e-08 0.000614469 577.156 152.022 21.6463 222.078 0 1 88069.1 122.7
 0.0649924 0.0352639 2.43635e-08 0.000605803 578.293 152.314 21.2201 221.448 0 1 87570.2 122.005
 0.0657654 0.0354685 2.46448e-08 0.0005973 579.413 152.6 20.8044 220.823 0 1 87076.7 121.318
 0.0665383 0.0356731 2.49277e-08 0.000588958 580.515 152.881 20.3988 220.204 0 1 86588.6 120.638
 0.0673113 0.0358776 2.52123e-08 0.000580779 581.601 153.159 20.0034 219.589 0 1 86105.9 119.965
 0.0680842 0.0360822 2.54984e-08 0.000572757 582.675 153.436 19.6177 218.979 0 1 85628.4 119.3
 0.0688572 0.0362868 2.57862e-08 0.000564899 583.738 153.711 19.2419 218.375 0 1 85156.6 118.642
 0.0696302 0.0364913 2.60755e-08 0.000557183 584.793 153.985 18.875 217.775 0 1 84689.4 117.992
 0.0704031 0.0366959 2.63665e-08 0.000549636 585.836 154.255 18.518 217.182 0 1 84228.5 117.349
 0.0711761 0.0369004 2.66591e-08 0.000542186 586.872 154.522 18.1677 216.59 0 1 83770.4 116.711
 0.0719491 0.037105 2.69533e-08 0.000534963 587.881 154.781 17.8296 216.01 0 1 83321.9 116.086
 0.072722 0.0373096 2.72492e-08 0.000527682 588.897 155.042 17.4911 215.42 0 1 82867.7 115.453
 0.073495 0.0375141 2.75466e-08 0.000520909 589.849 155.287 17.1774 214.863 0 1 82439.6 114.857
 0.0742679 0.0377187 2.78457e-08 0.000513445 590.894 155.558 16.8343 214.247 0 1 81967.5 114.199
 0.0750409 0.0379233 2.81463e-08 0.000507674 591.716 155.772 16.5696 213.761 0 1 81595.8 113.682
 0.0758139 0.0381278 2.84486e-08 0.000497168 593.215 156.162 16.0923 212.873 0 1 80919.8 112.74
